Webots Project File version R2022b
perspectives: 000000ff00000000fd00000003000000000000000000000000fc0100000001fb0000001a0044006f00630075006d0065006e0074006100740069006f006e0000000000ffffffff000000000000000000000001000001f00000030afc0200000001fb0000001400540065007800740045006400690074006f0072010000001a0000030a0000008c00ffffff0000000300000780000000dcfc0100000002fb0000000e0043006f006e0073006f006c006501000000000000073f0000000000000000fb0000001a0043006f006e0073006f006c00650041006c006c0041006c006c0100000000000007800000006900ffffff0000058e0000030a00000001000000020000000100000008fc00000000
simulationViewPerspectives: 000000ff000000010000000200000118000004880100000002010000000100
sceneTreePerspectives: 000000ff000000010000000300000022000000c0000000000100000002010000000200
maximizedDockId: -1
centralWidgetVisible: 1
orthographicViewHeight: 1
textFiles: 1 "../../Program Files/Webots/projects/robots/sphero/bb8/controllers/bb-8/bb-8.c" "D:/KULIAH/Semester 7/Robotika/worlds/Hacking/Micromouse/controllers/Micromouse/Micromouse.c"
consoles: Console:All:All
renderingDevicePerspectives: e-puck:camera;1;1;1.30274e-10;0.0013947
